2.340000000000000000e+02
1.210000000000000000e+02
1.160000000000000000e+02
1.020000000000000000e+02
1.130000000000000000e+02
1.170000000000000000e+02
1.190000000000000000e+02
1.130000000000000000e+02
1.120000000000000000e+02
1.050000000000000000e+02
1.020000000000000000e+02
1.150000000000000000e+02
1.140000000000000000e+02
1.170000000000000000e+02
1.210000000000000000e+02
2.802000000000000000e+03
1.110000000000000000e+02
1.040000000000000000e+02
1.120000000000000000e+02
1.120000000000000000e+02
1.110000000000000000e+02
1.100000000000000000e+02
1.100000000000000000e+02
1.140000000000000000e+02
1.100000000000000000e+02
1.080000000000000000e+02
1.090000000000000000e+02
1.100000000000000000e+02
1.090000000000000000e+02
1.100000000000000000e+02
1.110000000000000000e+02
1.100000000000000000e+02
1.110000000000000000e+02
1.020000000000000000e+02
1.090000000000000000e+02
1.110000000000000000e+02
4.095000000000000000e+03
4.095000000000000000e+03
4.095000000000000000e+03
4.095000000000000000e+03
4.095000000000000000e+03
4.095000000000000000e+03
4.095000000000000000e+03
4.095000000000000000e+03
4.095000000000000000e+03
4.095000000000000000e+03
4.095000000000000000e+03
4.095000000000000000e+03
4.095000000000000000e+03
4.095000000000000000e+03
4.095000000000000000e+03
4.095000000000000000e+03
4.095000000000000000e+03
4.095000000000000000e+03
4.095000000000000000e+03
4.095000000000000000e+03
1.361000000000000000e+03
4.480000000000000000e+02
2.000000000000000000e+02
1.350000000000000000e+02
1.190000000000000000e+02
1.020000000000000000e+02
1.120000000000000000e+02
1.080000000000000000e+02
1.100000000000000000e+02
1.100000000000000000e+02
1.140000000000000000e+02
1.100000000000000000e+02
1.090000000000000000e+02
1.080000000000000000e+02
1.110000000000000000e+02
1.110000000000000000e+02
1.120000000000000000e+02
1.110000000000000000e+02
1.110000000000000000e+02
1.080000000000000000e+02
1.040000000000000000e+02
1.100000000000000000e+02
1.090000000000000000e+02
1.120000000000000000e+02
1.110000000000000000e+02
1.090000000000000000e+02
1.212000000000000000e+03
4.095000000000000000e+03
4.095000000000000000e+03
4.095000000000000000e+03
4.095000000000000000e+03
4.095000000000000000e+03
4.095000000000000000e+03
4.095000000000000000e+03
4.095000000000000000e+03
4.095000000000000000e+03
4.095000000000000000e+03
4.095000000000000000e+03
4.095000000000000000e+03
4.095000000000000000e+03
4.095000000000000000e+03
4.095000000000000000e+03
4.095000000000000000e+03
4.095000000000000000e+03
4.095000000000000000e+03
4.095000000000000000e+03
2.661000000000000000e+03
5.680000000000000000e+02
2.880000000000000000e+02
1.500000000000000000e+02
1.250000000000000000e+02
1.180000000000000000e+02
1.120000000000000000e+02
1.130000000000000000e+02
1.090000000000000000e+02
1.100000000000000000e+02
1.130000000000000000e+02
1.110000000000000000e+02
1.100000000000000000e+02
1.130000000000000000e+02
1.080000000000000000e+02
1.110000000000000000e+02
1.110000000000000000e+02
1.110000000000000000e+02
1.100000000000000000e+02
1.120000000000000000e+02
1.090000000000000000e+02
1.100000000000000000e+02
1.110000000000000000e+02
1.100000000000000000e+02
1.090000000000000000e+02
1.120000000000000000e+02
1.080000000000000000e+02
4.095000000000000000e+03
4.095000000000000000e+03
4.095000000000000000e+03
4.095000000000000000e+03
4.095000000000000000e+03
4.095000000000000000e+03
4.095000000000000000e+03
4.095000000000000000e+03
4.095000000000000000e+03
4.095000000000000000e+03
4.095000000000000000e+03
4.095000000000000000e+03
4.095000000000000000e+03
4.095000000000000000e+03
4.095000000000000000e+03
4.095000000000000000e+03
4.095000000000000000e+03
4.095000000000000000e+03
4.095000000000000000e+03
4.095000000000000000e+03
1.056000000000000000e+03
4.370000000000000000e+02
1.970000000000000000e+02
1.320000000000000000e+02
1.190000000000000000e+02
1.110000000000000000e+02
1.130000000000000000e+02
1.150000000000000000e+02
1.100000000000000000e+02
1.100000000000000000e+02
1.100000000000000000e+02
1.110000000000000000e+02
1.200000000000000000e+02
1.130000000000000000e+02
1.050000000000000000e+02
1.100000000000000000e+02
1.100000000000000000e+02
1.110000000000000000e+02
1.120000000000000000e+02
1.110000000000000000e+02
1.090000000000000000e+02
1.100000000000000000e+02
1.100000000000000000e+02
1.110000000000000000e+02
1.110000000000000000e+02
1.110000000000000000e+02
2.746000000000000000e+03
4.095000000000000000e+03
4.095000000000000000e+03
4.095000000000000000e+03
4.095000000000000000e+03
4.095000000000000000e+03
4.095000000000000000e+03
4.095000000000000000e+03
4.095000000000000000e+03
4.095000000000000000e+03
4.095000000000000000e+03
4.095000000000000000e+03
4.095000000000000000e+03
4.095000000000000000e+03
4.095000000000000000e+03
4.095000000000000000e+03
4.095000000000000000e+03
4.095000000000000000e+03
4.095000000000000000e+03
4.095000000000000000e+03
1.841000000000000000e+03
6.000000000000000000e+02
2.820000000000000000e+02
1.480000000000000000e+02
1.230000000000000000e+02
1.140000000000000000e+02
1.110000000000000000e+02
1.120000000000000000e+02
1.110000000000000000e+02
1.090000000000000000e+02
1.110000000000000000e+02
1.100000000000000000e+02
1.100000000000000000e+02
1.060000000000000000e+02
1.100000000000000000e+02
1.080000000000000000e+02
1.110000000000000000e+02
1.080000000000000000e+02
1.100000000000000000e+02
1.110000000000000000e+02
1.120000000000000000e+02
1.090000000000000000e+02
1.110000000000000000e+02
1.100000000000000000e+02
1.100000000000000000e+02
1.110000000000000000e+02
1.110000000000000000e+02
4.095000000000000000e+03
4.095000000000000000e+03
4.095000000000000000e+03
4.095000000000000000e+03
4.095000000000000000e+03
4.095000000000000000e+03
4.095000000000000000e+03
4.095000000000000000e+03
4.095000000000000000e+03
4.095000000000000000e+03
4.095000000000000000e+03
4.095000000000000000e+03
4.095000000000000000e+03
4.095000000000000000e+03
4.095000000000000000e+03
4.095000000000000000e+03
4.095000000000000000e+03
4.095000000000000000e+03
4.095000000000000000e+03
3.184000000000000000e+03
6.780000000000000000e+02
3.970000000000000000e+02
1.830000000000000000e+02
1.300000000000000000e+02
1.170000000000000000e+02
1.120000000000000000e+02
1.120000000000000000e+02
1.110000000000000000e+02
1.050000000000000000e+02
1.110000000000000000e+02
1.100000000000000000e+02
1.110000000000000000e+02
1.120000000000000000e+02
1.070000000000000000e+02
1.080000000000000000e+02
1.110000000000000000e+02
1.110000000000000000e+02
1.110000000000000000e+02
1.100000000000000000e+02
1.110000000000000000e+02
1.080000000000000000e+02
1.100000000000000000e+02
1.110000000000000000e+02
1.190000000000000000e+02
1.120000000000000000e+02
1.110000000000000000e+02
4.095000000000000000e+03
4.095000000000000000e+03
4.095000000000000000e+03
4.095000000000000000e+03
4.095000000000000000e+03
4.095000000000000000e+03
4.095000000000000000e+03
4.095000000000000000e+03
4.095000000000000000e+03
4.095000000000000000e+03
4.095000000000000000e+03
4.095000000000000000e+03
4.095000000000000000e+03
4.095000000000000000e+03
4.095000000000000000e+03
4.095000000000000000e+03
4.095000000000000000e+03
4.095000000000000000e+03
4.095000000000000000e+03
4.095000000000000000e+03
1.214000000000000000e+03
5.560000000000000000e+02
2.510000000000000000e+02
1.460000000000000000e+02
1.230000000000000000e+02
1.060000000000000000e+02
1.100000000000000000e+02
1.110000000000000000e+02
1.050000000000000000e+02
1.050000000000000000e+02
1.100000000000000000e+02
1.070000000000000000e+02
1.100000000000000000e+02
1.120000000000000000e+02
1.110000000000000000e+02
1.110000000000000000e+02
1.120000000000000000e+02
1.110000000000000000e+02
1.110000000000000000e+02
1.150000000000000000e+02
1.110000000000000000e+02
1.100000000000000000e+02
1.110000000000000000e+02
1.090000000000000000e+02
1.080000000000000000e+02
1.110000000000000000e+02
1.110000000000000000e+02
4.095000000000000000e+03
4.095000000000000000e+03
4.095000000000000000e+03
4.095000000000000000e+03
4.095000000000000000e+03
4.095000000000000000e+03
4.095000000000000000e+03
4.095000000000000000e+03
4.095000000000000000e+03
4.095000000000000000e+03
4.095000000000000000e+03
4.095000000000000000e+03
4.095000000000000000e+03
4.095000000000000000e+03
4.095000000000000000e+03
4.095000000000000000e+03
4.095000000000000000e+03
4.095000000000000000e+03
4.095000000000000000e+03
1.746000000000000000e+03
6.180000000000000000e+02
3.750000000000000000e+02
1.750000000000000000e+02
1.310000000000000000e+02
1.180000000000000000e+02
1.160000000000000000e+02
1.130000000000000000e+02
1.090000000000000000e+02
1.110000000000000000e+02
1.120000000000000000e+02
1.190000000000000000e+02
1.120000000000000000e+02
1.120000000000000000e+02
1.100000000000000000e+02
1.110000000000000000e+02
1.130000000000000000e+02
1.120000000000000000e+02
1.120000000000000000e+02
1.120000000000000000e+02
1.090000000000000000e+02
1.100000000000000000e+02
1.120000000000000000e+02
1.110000000000000000e+02
1.110000000000000000e+02
1.140000000000000000e+02
1.130000000000000000e+02
4.095000000000000000e+03
4.095000000000000000e+03
4.095000000000000000e+03
4.095000000000000000e+03
4.095000000000000000e+03
4.095000000000000000e+03
4.095000000000000000e+03
4.095000000000000000e+03
4.095000000000000000e+03
4.095000000000000000e+03
4.095000000000000000e+03
4.095000000000000000e+03
4.095000000000000000e+03
4.095000000000000000e+03
4.095000000000000000e+03
4.095000000000000000e+03
4.095000000000000000e+03
4.095000000000000000e+03
4.095000000000000000e+03
4.095000000000000000e+03
7.710000000000000000e+02
5.340000000000000000e+02
2.340000000000000000e+02
1.470000000000000000e+02
1.210000000000000000e+02
1.130000000000000000e+02
1.130000000000000000e+02
1.110000000000000000e+02
1.200000000000000000e+02
1.130000000000000000e+02
1.090000000000000000e+02
1.060000000000000000e+02
1.110000000000000000e+02
1.110000000000000000e+02
1.120000000000000000e+02
1.110000000000000000e+02
1.090000000000000000e+02
1.100000000000000000e+02
1.110000000000000000e+02
1.090000000000000000e+02
1.120000000000000000e+02
1.120000000000000000e+02
1.080000000000000000e+02
1.100000000000000000e+02
1.110000000000000000e+02
1.140000000000000000e+02
1.120000000000000000e+02
4.095000000000000000e+03
4.095000000000000000e+03
4.095000000000000000e+03
4.095000000000000000e+03
4.095000000000000000e+03
4.095000000000000000e+03
4.095000000000000000e+03
4.095000000000000000e+03
4.095000000000000000e+03
4.095000000000000000e+03
4.095000000000000000e+03
4.095000000000000000e+03
4.095000000000000000e+03
4.095000000000000000e+03
4.095000000000000000e+03
4.095000000000000000e+03
4.095000000000000000e+03
4.095000000000000000e+03
4.095000000000000000e+03
7.680000000000000000e+02
6.350000000000000000e+02
3.360000000000000000e+02
1.570000000000000000e+02
1.260000000000000000e+02
1.190000000000000000e+02
1.100000000000000000e+02
1.110000000000000000e+02
1.060000000000000000e+02
1.100000000000000000e+02
1.110000000000000000e+02
1.110000000000000000e+02
1.090000000000000000e+02
1.100000000000000000e+02
1.130000000000000000e+02
1.110000000000000000e+02
1.110000000000000000e+02
1.130000000000000000e+02
1.090000000000000000e+02
1.090000000000000000e+02
1.110000000000000000e+02
1.110000000000000000e+02
1.020000000000000000e+02
1.110000000000000000e+02
1.090000000000000000e+02
1.120000000000000000e+02
1.140000000000000000e+02
4.095000000000000000e+03
4.095000000000000000e+03
4.095000000000000000e+03
4.095000000000000000e+03
4.095000000000000000e+03
4.095000000000000000e+03
4.095000000000000000e+03
4.095000000000000000e+03
4.095000000000000000e+03
4.095000000000000000e+03
4.095000000000000000e+03
4.095000000000000000e+03
4.095000000000000000e+03
4.095000000000000000e+03
4.095000000000000000e+03
4.095000000000000000e+03
4.095000000000000000e+03
4.095000000000000000e+03
4.095000000000000000e+03
4.095000000000000000e+03
9.000000000000000000e+02
5.290000000000000000e+02
2.140000000000000000e+02
1.400000000000000000e+02
1.190000000000000000e+02
1.110000000000000000e+02
1.120000000000000000e+02
1.130000000000000000e+02
1.100000000000000000e+02
1.100000000000000000e+02
1.110000000000000000e+02
1.110000000000000000e+02
1.080000000000000000e+02
1.110000000000000000e+02
1.090000000000000000e+02
1.030000000000000000e+02
1.090000000000000000e+02
1.100000000000000000e+02
1.100000000000000000e+02
1.110000000000000000e+02
1.090000000000000000e+02
1.100000000000000000e+02
1.090000000000000000e+02
1.120000000000000000e+02
1.110000000000000000e+02
1.100000000000000000e+02
1.110000000000000000e+02
4.095000000000000000e+03
4.095000000000000000e+03
4.095000000000000000e+03
4.095000000000000000e+03
4.095000000000000000e+03
4.095000000000000000e+03
4.095000000000000000e+03
4.095000000000000000e+03
4.095000000000000000e+03
4.095000000000000000e+03
4.095000000000000000e+03
4.095000000000000000e+03
4.095000000000000000e+03
4.095000000000000000e+03
4.095000000000000000e+03
4.095000000000000000e+03
4.095000000000000000e+03
4.095000000000000000e+03
4.095000000000000000e+03
6.180000000000000000e+02
7.890000000000000000e+02
3.130000000000000000e+02
1.580000000000000000e+02
1.260000000000000000e+02
1.140000000000000000e+02
1.080000000000000000e+02
1.110000000000000000e+02
1.100000000000000000e+02
1.100000000000000000e+02
1.120000000000000000e+02
1.090000000000000000e+02
1.100000000000000000e+02
1.100000000000000000e+02
1.130000000000000000e+02
1.100000000000000000e+02
1.110000000000000000e+02
1.080000000000000000e+02
1.100000000000000000e+02
1.100000000000000000e+02
1.090000000000000000e+02
1.120000000000000000e+02
1.120000000000000000e+02
1.120000000000000000e+02
1.070000000000000000e+02
1.100000000000000000e+02
1.100000000000000000e+02
4.095000000000000000e+03
4.095000000000000000e+03
4.095000000000000000e+03
4.095000000000000000e+03
4.095000000000000000e+03
4.095000000000000000e+03
4.095000000000000000e+03
4.095000000000000000e+03
4.095000000000000000e+03
5.220000000000000000e+02
1.430000000000000000e+02
1.120000000000000000e+02
1.210000000000000000e+02
9.200000000000000000e+01
1.240000000000000000e+02
1.150000000000000000e+02
1.280000000000000000e+02
4.095000000000000000e+03
4.095000000000000000e+03
4.095000000000000000e+03
4.095000000000000000e+03
4.095000000000000000e+03
4.095000000000000000e+03
4.095000000000000000e+03
5.270000000000000000e+02
1.470000000000000000e+02
1.290000000000000000e+02
1.250000000000000000e+02
1.100000000000000000e+02
1.100000000000000000e+02
1.260000000000000000e+02
1.110000000000000000e+02
1.160000000000000000e+02
4.095000000000000000e+03
4.095000000000000000e+03
4.095000000000000000e+03
4.095000000000000000e+03
4.095000000000000000e+03
4.095000000000000000e+03
4.095000000000000000e+03
1.025000000000000000e+03
2.130000000000000000e+02
1.230000000000000000e+02
1.140000000000000000e+02
1.090000000000000000e+02
1.240000000000000000e+02
9.000000000000000000e+01
1.180000000000000000e+02
1.150000000000000000e+02
1.140000000000000000e+02
1.270000000000000000e+02
1.290000000000000000e+02
4.095000000000000000e+03
4.095000000000000000e+03
4.095000000000000000e+03
4.095000000000000000e+03
4.095000000000000000e+03
4.095000000000000000e+03
4.095000000000000000e+03
4.095000000000000000e+03
4.095000000000000000e+03
1.123000000000000000e+03
2.310000000000000000e+02
1.220000000000000000e+02
1.130000000000000000e+02
9.900000000000000000e+01
1.190000000000000000e+02
1.110000000000000000e+02
1.030000000000000000e+02
1.260000000000000000e+02
1.130000000000000000e+02
1.110000000000000000e+02
1.110000000000000000e+02
6.250000000000000000e+02
4.095000000000000000e+03
4.095000000000000000e+03
4.095000000000000000e+03
4.095000000000000000e+03
4.095000000000000000e+03
4.095000000000000000e+03
4.095000000000000000e+03
4.095000000000000000e+03
4.095000000000000000e+03
4.095000000000000000e+03
5.930000000000000000e+02
1.500000000000000000e+02
1.350000000000000000e+02
9.300000000000000000e+01
1.250000000000000000e+02
1.190000000000000000e+02
1.150000000000000000e+02
1.230000000000000000e+02
3.730000000000000000e+02
9.200000000000000000e+01
1.300000000000000000e+02
1.190000000000000000e+02
1.090000000000000000e+02
1.110000000000000000e+02
1.100000000000000000e+02
1.090000000000000000e+02
1.100000000000000000e+02
1.090000000000000000e+02
1.090000000000000000e+02
1.100000000000000000e+02
1.110000000000000000e+02
1.090000000000000000e+02
1.140000000000000000e+02
1.120000000000000000e+02
1.090000000000000000e+02
1.090000000000000000e+02
1.110000000000000000e+02
1.100000000000000000e+02
1.100000000000000000e+02
1.110000000000000000e+02
1.080000000000000000e+02
1.090000000000000000e+02
1.150000000000000000e+02
4.095000000000000000e+03
4.095000000000000000e+03
4.095000000000000000e+03
4.095000000000000000e+03
4.095000000000000000e+03
4.095000000000000000e+03
4.095000000000000000e+03
4.095000000000000000e+03
4.095000000000000000e+03
4.095000000000000000e+03
4.095000000000000000e+03
4.095000000000000000e+03
4.095000000000000000e+03
4.095000000000000000e+03
4.095000000000000000e+03
4.095000000000000000e+03
4.095000000000000000e+03
4.095000000000000000e+03
4.095000000000000000e+03
4.095000000000000000e+03
1.015000000000000000e+03
5.530000000000000000e+02
2.490000000000000000e+02
1.470000000000000000e+02
1.230000000000000000e+02
1.140000000000000000e+02
1.120000000000000000e+02
1.100000000000000000e+02
1.100000000000000000e+02
1.110000000000000000e+02
1.100000000000000000e+02
1.100000000000000000e+02
1.110000000000000000e+02
1.100000000000000000e+02
1.080000000000000000e+02
1.100000000000000000e+02
1.110000000000000000e+02
1.110000000000000000e+02
1.100000000000000000e+02
1.120000000000000000e+02
1.080000000000000000e+02
1.070000000000000000e+02
1.130000000000000000e+02
1.120000000000000000e+02
1.110000000000000000e+02
1.150000000000000000e+02
1.140000000000000000e+02
4.095000000000000000e+03
4.095000000000000000e+03
4.095000000000000000e+03
4.095000000000000000e+03
4.095000000000000000e+03
4.095000000000000000e+03
4.095000000000000000e+03
4.095000000000000000e+03
4.095000000000000000e+03
4.095000000000000000e+03
4.095000000000000000e+03
4.095000000000000000e+03
4.095000000000000000e+03
4.095000000000000000e+03
4.095000000000000000e+03
4.095000000000000000e+03
4.095000000000000000e+03
4.095000000000000000e+03
4.095000000000000000e+03
1.477000000000000000e+03
6.060000000000000000e+02
3.610000000000000000e+02
1.690000000000000000e+02
1.280000000000000000e+02
1.160000000000000000e+02
1.110000000000000000e+02
1.120000000000000000e+02
1.130000000000000000e+02
1.110000000000000000e+02
1.100000000000000000e+02
1.110000000000000000e+02
1.100000000000000000e+02
1.120000000000000000e+02
1.110000000000000000e+02
1.080000000000000000e+02
1.080000000000000000e+02
1.110000000000000000e+02
1.150000000000000000e+02
1.100000000000000000e+02
1.130000000000000000e+02
1.090000000000000000e+02
1.110000000000000000e+02
1.110000000000000000e+02
1.030000000000000000e+02
1.100000000000000000e+02
1.120000000000000000e+02
4.095000000000000000e+03
4.095000000000000000e+03
4.095000000000000000e+03
4.095000000000000000e+03
4.095000000000000000e+03
4.095000000000000000e+03
4.095000000000000000e+03
4.095000000000000000e+03
4.095000000000000000e+03
4.095000000000000000e+03
4.095000000000000000e+03
4.095000000000000000e+03
4.095000000000000000e+03
4.095000000000000000e+03
4.095000000000000000e+03
4.095000000000000000e+03
4.095000000000000000e+03
4.095000000000000000e+03
4.095000000000000000e+03
4.095000000000000000e+03
7.270000000000000000e+02
5.370000000000000000e+02
2.290000000000000000e+02
1.400000000000000000e+02
1.220000000000000000e+02
1.130000000000000000e+02
1.120000000000000000e+02
1.110000000000000000e+02
1.130000000000000000e+02
1.090000000000000000e+02
1.100000000000000000e+02
1.120000000000000000e+02
1.100000000000000000e+02
1.100000000000000000e+02
1.120000000000000000e+02
1.080000000000000000e+02
1.110000000000000000e+02
1.110000000000000000e+02
1.130000000000000000e+02
1.090000000000000000e+02
1.110000000000000000e+02
1.080000000000000000e+02
1.100000000000000000e+02
1.160000000000000000e+02
1.110000000000000000e+02
1.110000000000000000e+02
1.110000000000000000e+02
4.095000000000000000e+03
4.095000000000000000e+03
4.095000000000000000e+03
4.095000000000000000e+03
4.095000000000000000e+03
4.095000000000000000e+03
4.095000000000000000e+03
4.095000000000000000e+03
4.095000000000000000e+03
4.095000000000000000e+03
4.095000000000000000e+03
4.095000000000000000e+03
4.095000000000000000e+03
4.095000000000000000e+03
4.095000000000000000e+03
4.095000000000000000e+03
4.095000000000000000e+03
4.095000000000000000e+03
4.095000000000000000e+03
5.310000000000000000e+02
7.000000000000000000e+02
3.260000000000000000e+02
1.650000000000000000e+02
1.280000000000000000e+02
1.230000000000000000e+02
1.110000000000000000e+02
1.110000000000000000e+02
1.110000000000000000e+02
1.110000000000000000e+02
1.100000000000000000e+02
1.130000000000000000e+02
1.100000000000000000e+02
1.100000000000000000e+02
1.110000000000000000e+02
1.110000000000000000e+02
1.090000000000000000e+02
1.120000000000000000e+02
1.080000000000000000e+02
1.140000000000000000e+02
1.110000000000000000e+02
1.110000000000000000e+02
1.120000000000000000e+02
1.120000000000000000e+02
1.110000000000000000e+02
1.100000000000000000e+02
1.110000000000000000e+02
4.095000000000000000e+03
4.095000000000000000e+03
4.095000000000000000e+03
4.095000000000000000e+03
4.095000000000000000e+03
4.095000000000000000e+03
4.095000000000000000e+03
4.095000000000000000e+03
4.095000000000000000e+03
4.095000000000000000e+03
4.095000000000000000e+03
4.095000000000000000e+03
4.095000000000000000e+03
4.095000000000000000e+03
4.095000000000000000e+03
4.095000000000000000e+03
4.095000000000000000e+03
4.095000000000000000e+03
4.095000000000000000e+03
4.095000000000000000e+03
1.010000000000000000e+03
5.290000000000000000e+02
2.090000000000000000e+02
1.380000000000000000e+02
1.210000000000000000e+02
1.150000000000000000e+02
1.140000000000000000e+02
1.120000000000000000e+02
1.010000000000000000e+02
1.090000000000000000e+02
1.070000000000000000e+02
1.100000000000000000e+02
1.100000000000000000e+02
1.140000000000000000e+02
1.080000000000000000e+02
1.220000000000000000e+02
1.130000000000000000e+02
1.120000000000000000e+02
1.110000000000000000e+02
1.140000000000000000e+02
1.090000000000000000e+02
1.110000000000000000e+02
1.110000000000000000e+02
1.100000000000000000e+02
1.120000000000000000e+02
1.120000000000000000e+02
1.100000000000000000e+02
4.095000000000000000e+03
4.095000000000000000e+03
4.095000000000000000e+03
4.095000000000000000e+03
4.095000000000000000e+03
4.095000000000000000e+03
4.095000000000000000e+03
4.095000000000000000e+03
4.095000000000000000e+03
4.095000000000000000e+03
4.095000000000000000e+03
4.095000000000000000e+03
4.095000000000000000e+03
4.095000000000000000e+03
4.095000000000000000e+03
4.095000000000000000e+03
4.095000000000000000e+03
4.095000000000000000e+03
4.095000000000000000e+03
8.330000000000000000e+02
7.910000000000000000e+02
3.090000000000000000e+02
1.580000000000000000e+02
1.270000000000000000e+02
1.160000000000000000e+02
1.080000000000000000e+02
1.120000000000000000e+02
1.110000000000000000e+02
1.110000000000000000e+02
1.130000000000000000e+02
1.030000000000000000e+02
1.090000000000000000e+02
1.110000000000000000e+02
1.120000000000000000e+02
1.080000000000000000e+02
1.040000000000000000e+02
1.080000000000000000e+02
1.100000000000000000e+02
1.110000000000000000e+02
1.110000000000000000e+02
1.110000000000000000e+02
1.120000000000000000e+02
1.140000000000000000e+02
1.110000000000000000e+02
1.100000000000000000e+02
1.100000000000000000e+02
4.095000000000000000e+03
4.095000000000000000e+03
4.095000000000000000e+03
4.095000000000000000e+03
4.095000000000000000e+03
4.095000000000000000e+03
4.095000000000000000e+03
4.095000000000000000e+03
4.095000000000000000e+03
4.095000000000000000e+03
4.095000000000000000e+03
4.095000000000000000e+03
4.095000000000000000e+03
4.095000000000000000e+03
4.095000000000000000e+03
4.095000000000000000e+03
4.095000000000000000e+03
4.095000000000000000e+03
4.095000000000000000e+03
4.095000000000000000e+03
1.371000000000000000e+03
5.070000000000000000e+02
2.090000000000000000e+02
1.390000000000000000e+02
1.220000000000000000e+02
1.110000000000000000e+02
1.110000000000000000e+02
1.110000000000000000e+02
1.180000000000000000e+02
1.120000000000000000e+02
1.130000000000000000e+02
1.100000000000000000e+02
1.110000000000000000e+02
1.100000000000000000e+02
1.100000000000000000e+02
1.100000000000000000e+02
1.140000000000000000e+02
1.090000000000000000e+02
1.110000000000000000e+02
1.110000000000000000e+02
1.100000000000000000e+02
1.120000000000000000e+02
1.120000000000000000e+02
1.090000000000000000e+02
1.060000000000000000e+02
1.110000000000000000e+02
1.130000000000000000e+02
4.095000000000000000e+03
4.095000000000000000e+03
4.095000000000000000e+03
4.095000000000000000e+03
4.095000000000000000e+03
4.095000000000000000e+03
4.095000000000000000e+03
4.095000000000000000e+03
4.095000000000000000e+03
4.095000000000000000e+03
